1054052
-994672
1856113
1793761
-338210
-1575731
1302498
-1755968
353237
-1154571
50507
463904
561310
-1477373
691637
1291578
-980791
-1210756
1116463
-1728243
-987870
199847
-1994775
-202585
628165
89808
893812
-445785
1447026
-314995
492262
1575037
1880357
500900
201748
271409
433363
-917333
-78120
-1429076
509989
-1290142
300959
1643637
-1008318
-373604
1116545
1876505
-1941512
1042555
319181
1845734
-1900125
861415
939060
1918299
-803724
468514
-1379787
-1555309
881643
-1124695
1468994
195862
-1252086
-1430342
-860833
-1074362
1696945
-1422532
20651
-1641970
-162222
-59678
-1709767
1657730
-1206333
-1799280
-1354819
-1886435
-163413
-808634
993717
-1030088
-1585633
543564
1930123
-1300537
-1702558
-1439485
-1256773
-225778
-1724995
-1234327
-1899804
-1874482
-1642308
1342586
-907725
-1219991
1691137
953208
446354
537455
-1284591
-1917301
281194
320459
1321861
-348592
7276
-1622520
-666007
1645951
1671870
-335513
-1560457
1322416
-1948474
1571091
1067210
-1685757
1226364
534089
290400
-1326274
1150478
-1675229
-1868130
1427377
-1028461
580169
-866833
855574
1070651
-815585
1140743
688254
1632811
1891925
-1060713
-892296
1782201
288195
-599619
-230543
1261296
-1323928
-1826390
84176
-1132812
60131
603852
-87969
-53516
-1854513
-715995
-1782918
447549
-1570252
1171164
-1146574
677316
773978
-1650836
1652888
1550554
-1810596
1819149
1121653
-1700470
-1280762
402896
350687
1338718
1038815
-1026174
804424
-98109
207804
-800757
-782878
553535
-869240
-1668889
-1189407
1134883
-649463
-46580
-1980452
-1912051
1114253
1967704
1210843
1037878
-628512
467230
119243
-145568
-1280359
-1329638
-138538
1365726
-1978534
1302705
-1237971
1139149
-343538
1791599
1964236
1728335
1018510
239500
1745680
-240835
-1249700
-549331
666715
1953841
-939788
1150691
-842403
-478956
1840403
-790822
235252
1800099
772096
-778993
1489650
698856
7781
1814556
128044
67529
-1560756
11131
-285706
-680976
168022
760622
1766191
-573973
575336
1868183
-1728072
-1032410
1981839
1354884
-748690
5650
1977526
998019
-722911
-271994
-1714705
-1876641
141803
-985693
-1492236
1297498
1858029
1561625
-1979432
-91376
-1605808
1217987
-500457
-1222847
-1916936
388903
634387
827490
505813
1217839
-330499
1104920
161583
-393100
-379290
1246238
-1220142
-36897
-536815
578859
-1388514
55356
-709989
1628810
-833180
-904385
-382793
902555
-1946699
649915
1044203
-722815
1478596
1698712
154265
333436
-1990436
-1315345
1932076
-1312992
-1611873
1505359
1689722
-1341501
423072
526579
1078114
433165
1727086
-1400552
1369455
-78426
-457224
1489701
1425951
-283627
1962523
1004759
620947
495980
-350518
-478931
12850
-14114
-1575982
-137432
-304572
-1065931
-999926
-831904
-1554831
331672
-466861
-968925
-786425
1068
-645890
1735440
-1391195
693932
1594313
1870942
784851
-692364
-1675124
-1764943
1518923
-1875833
-1055025
-1827022
-155981
1335298
-1771315
1855085
8994
-1688152
-1610600
1636569
959379
92746
-1175626
-1329861
-1902792
-452632
819011
-1992716
-1581207
-748312
326597
1360130
-946398
1378508
1620000
-475979
-1377209
-1342985
353406
-1681454
-788556
-1056131
-1760625
-934745
-1361104
-1184313
-1017678
-879142
-1281302
-358771
1116986
-346249
1150309
-251506
-1668017
-813285
343302
-774369
1414331
-1858922
1449230
448821
-1073270
1138293
-1193833
1489436
-1150402
1948910
290529
163563
-229106
1160882
-1464227
717761
-1965039
995173
-832681
825239
-922253
766809
-1863082
1178442
1486199
-362588
1395911
-1001555
1043059
706796
-1405844
-135299
-1762249
-1324474
211964
-1556475
-775221
1876033
731456
-1791089
982020
1088999
1009858
-589175
-1171341
1623235
1591902
-254821
-1640093
1436469
-1751334
31534
724551
271031
-722077
222778
-1728148
1307612
-82381
-1035782
956510
1228170
-1306990
-1620381
216474
-688653
-1825926
489405
639135
1068254
1764776
-1931853
1350881
1967172
1837427
1763007
988155
-1486821
1126069
1253121
-1786829
1609453
1811077
1128026
714213
614735
489034
-282096
53854
137684
-1434603
-661412
-383002
652189
-456322
-981246
99109
-77907
1913491
-979126
217653
1937624
495795
-190595
385798
108251
721421
-124817
-776510
-58012
1838866
1700129
-927992
1995041
560116
1243281
881410
-482200
-795216
1109116
-1654923
-352185
-1154461
1449211
-913828
-1546623
-1080783
-1389759
544229
522179
-199072
795631
304287
1833059
804950
1046906
-359458
-709974
-192900
-950117
1348490
-208952
1593544
-997331
26745
-1446741
359496
-1329211
1222624
639295
-530582
1258514
-2112
375613
-1339036
-1169144
-1156934
438479
1932903
-373401
-1340667
412622
-1419840
-1549176
585637
-1979712
1039516
-453253
-1369849
1221019
1012238
1718998
1770518
-1502896
-620120
490051
1359664
-607675
1779592
-982957
734105
1732892
-1017939
-1360708
-851749
455808
30585
-1667718
-761895
316693
-520782
546686
-1210677
1930084
-1332349
1571816
-81397
-313783
-1658852
-180509
-1440632
-1217222
-1430136
137260
-422834
-45428
-1687166
-822194
-1560097
545662
1286981
84934
-396058
-1291216
-1351813
250398
1441747
1707086
-1742786
1791589
722261
1340137
1213269
-984954
197321
359307
-906115
837449
1992352
-1796091
943756
137435
-1035332
1446044
-811974
-897957
-1816996
-405541
1015312
589899
-1179483
1780609
-1947575
-516471
-488411
880865
197027
-762656
-1190581
-1262886
-1795658
-341554
777360
-1244189
-524002
-554344
-1812627
-932668
777997
-351656
-927721
-1146814
801596
-1839906
1713401
82246
1807437
1567523
-1597964
966234
444077
-1535975
1222794
-467430
32553
778544
1090824
669096
1322185
74744
-306226
-1660994
210037
-1122862
1487833
1062083
-702760
545245
-1199063
-400511
715981
1789408
1339534
-1670845
-997923
-1232516
1942664
-183044
-210270
1321806
-1782936
1853219
-1589342
1674126
232471
-1971417
1737442
620031
-1526362
-536089
-54188
409435
-1447460
-1911920
-1909835
1602174
779300
-347887
-161086
1095221
1735837
-1269578
561974
1241399
-671259
1966623
931747
1039516
1851719
-401256
-704190
459688
-1206861
646488
-1696795
1812731
-1506408
965434
-1485857
1548143
803480
777278
53854
-1804161
-1633003
-709465
-1570185
-573274
1371791
-1496831
947681
-1228762
-1477330
-1891208
1758480
-50713
4176
-901942
431691
1615776
-1880944
1418700
-424076
-184758
-75067
-624046
398705
-1021873
-1871266
-1419803
627843
-615516
870759
1336795
1182724
588995
-393064
1057646
-40086
-797766
-180574
-880464
355714
-228995
-21121
872902
-1573900
-412520
1398614
-1035935
-1184575
953306
980196
-136300
831075
-301683
-1530572
-498885
-1003731
1411511
569424
-1652929
-1923647
-1301047
-910540
275347
-974458
-1450117
42266
-1535185
-162710
-1496398
-1500655
-717991
-1830249
625154
8407
138945
1337992
-1956293
620838
1800175
-1039830
62185
1949071
-1768398
1026262
-1589442
-330929
-888601
993817
-1085266
1656919
-1063326
-603289
-1435571
460528
-1067100
-1811981
181902
-1402582
1928010
-1078870
636514
-1323852
1479257
-217707
-654557
-905425
1417074
1426066
-52162
784226
-1594817
1779223
118058
-404250
1093066
-1645593
-953196
-1388231
447110
-624593
210610
1893931
713521
1394478
-1112811
304916
-666975
963374
-1685029
1839922
867868
329445
236693
715175
-454933
267268
1927347
-1988500
-264054
-1929874
1169336
-126118
710026
126801
-1506797
-486920
-764672
1007034
-1766307
415194
-1550328
-916511
-135535
-615425
-426413
807161
1162520
-735515
-835192
1758834
1623843
1766260
44340
-788813
49362
30362
-190716
1647002
-1238969
79901
549738
-333938
-765930
987976
-1739825
-1499226
1629871
1726398
1413423
-461549
-1788819
-758620
1911186
920529
1135978
-1744444
538709
-1508918
-1038410
-1730914
-1474368
-1494462
727108
-290745
-155964
1717295
464223
1623211
-1616892
-1760473
-1918154
457650
430214
-797689
871063
-1301825
515733
209535
-1926949
-234062
1428063
1111960
-1943225
-937703
-393491
-584851
1393642
-891232
1264450
1164166
1470727
-720417
-496742
-1697830
-1744148
637360
1045506
-519068
-1516035
1299304
-378941
-230275
-1218852
828802
667539
1797793
-1846690
1697194
-1282042
169081
-1716690
1639813
-1623106
671466
1175456
1579665
253363
-915043
672527
1407042
-701570
-564371
836539
43354
362844
-1502208
1140642
-1445809
-312746
1865462
1985485
-1178324
-1073538
-752588
-1028567
27435
418413
-807907
285858
1822115
-1178369
954912
-1245236
1132872
939796
851451
-1761926
334999
-1175565
595026
-1331236
823197
101093
-1103014
1198036
777763
-1304970
-286194
-213336
-93904
637553
-823648
1938936
-1142155
1039224
1288896
-1301062
255071
1597487
-449917
411661
1603749
1805896
-1326324
857805
-261083
-399627
-1167319
-1977978
-1807714
1324162
1282122
-1979674
999686
1307587
276935
-283618
1734416
196317
33805
-1723389
1245450
-639744
805606
429024
-29191
-1333630
851657
529216
-1366861
662449
-1561799
-928531
-713319
437026
-1211901
-1657747
642579
-406024
1736503
-1876357
-1924286
-375659
-1667040
-1659071
1235510
-1834621
773505
508496
-480396
-261033
-1736227
229274
807893
1736244
1679779
224844
150159
1854760
1149916
1296971
-1036860
-194919
487521
-1885714
1855770
-24753
577371
-562549
-190726
-1387479
1911749
1092046
1094232
178510
1618137
950448
1005674
-1776523
-252965
490875
1741552
592556
-1943218
1427726
1198272
-1447407
1120740
-460597
425399
-1126589
-1869585
-1283971
-1365337
-1772783
-181304
-1058677
-424984
-161284
-1949029
97886
-732788
1832307
1275544
-1741170
1515714
982893
101211
-1980892
391887
-1459565
-711804
-1323998
556161
-1229318
-229814
-879113
-1387511
-1529702
-642422
1860364
-1315078
-874476
322454
-1411179
1278163
1145376
1112532
-1016360
899067
961682
1139279
-676457
704287
255121
-1133199
417707
710547
-384053
-1220742
-666423
292419
-1340553
1946764
-1351219
-172894
1343319
-246376
87929
1994706
546146
1941926
207077
64467
1673186
1227027
757027
-1902704
428658
-1768600
-818723
-1917250
324854
1616657
1648952
-1046656
-127339
-1091960
919128
-347869
-1857670
336599
-486966
582878
-1644458
-741073
198336
-221963
1073877
341235
-437911
-1044745
-804421
-193371
981301
-933141
-1885538
-375379
-1734234
55165
-44934
1908946
78050
-281294
709002
326121
-1207404
-383223
1664595
-501026
1404664
-1580219
-1003341
1559899
-1943294
251743
1599302
89287
-143750
626504
338941
-450696
-1188719
-233291
1634470
-1601139
236362
-988482
353999
-1802006
-324236
-1939781
-653130
-1257712
-1034529
605760
312045
-1764490
437693
-1648075
518286
1145776
1853509
1622736
242761
667733
151732
1422540
-549083
43989
-1824878
-733601
1663806
1648094
1307695
1422258
436070
737280
-790329
804968
1192548
417933
-1140195
-16755
-383637
-1556586
-1697513
-412928
813755
-635770
58622
-1477
707485
-235496
361497
1319314
19838
1998202
-1249105
1407359
727530
123477
61888
238722
1168964
-1006123
-1366498
-867034
336385
1169242
650482
533289
-601137
343503
-1155795
157589
-761812
-1187711
-518345
-1302256
659517
234767
295936
-957415
502853
1773384
-626132
1831127
-1208297
-383781
1707213
-658822
1364664
388873
1311661
-1173997
200220
1202873
205062
241067
-636648
-259283
-1592602
-624305
-1335928
1364771
-1732193
-109188
1523595
-647148
-1798266
428384
-1386943
-32103
-1620849
1410548
-1994682
475309
-611139
1532250
-1407445
-1448962
1930952
419093
-65220
1685643
907529
1869347
-879042
-505129
-565503
605820
405583
1145687
-325554
309066
-942067
1978295
774547
384324
-288515
-1334786
375137
-1485950
-1936499
-1166662
629856
1780357
1174843
-517070
1716068
-190038
-1352541
-442146
1958865
1267197
1151327
-1128984
-1249198
1878341
-312117
446831
-1128264
1783944
-1585801
954427
-1983980
1950524
-97563
1116832
-1330105
1829551
105609
91364
1340989
-448253
1595792
-784054
531217
-526426
1276949
1867577
1447297
1407167
-1726480
778851
-1713985
-781621
1228251
590837
-1490477
-454824
553334
-1342699
315578
-1849988
716993
-702334
-1565194
1654622
1951767
1113883
1592697
351986
-110556
237326
-1907126
413384
1801918
119519
-1231504
1163445
-1692517
626275
925784
-438148
-1868525
-1152141
-1975574
-1840120
-1828864
1426436
-319761
39265
-800267
196353
-551255
-1349334
-1455174
-1285377
286412
-1790354
1986997
594157
6702
-1001218
-81731
-635866
-753473
-1303809
-1310191
794100
1899153
-1148033
1299026
-1843084
-1681312
-776771
1314421
1069099
1262393
1971950
-496622
-1693252
-210345
-1385356
141838
-922855
1060395
124516
234198
6982
1134283
754440
1626392
1379517
-787065
-1179173
-261855
865402
1497359
181460
-122122
179316
1494519
1569542
-932961
-1895075
797641
-1755087
970269
1539819
-1422739
-1637362
-1598524
-80526
1297956
988673
1338972
-1574174
849045
1204892
1086398
-551737
1890703
-452102
437899
1542342
102756
1817952
832226
-633416
-1474292
846648
1526027
-1009522
-677465
778552
464366
1257397
-1759246
-782384
-190448
-998495
181677
1434585
-1907859
957447
356838
-834793
-937289
37627
-806933
1474873
681580
148035
161650
1112214
537031
-1543158
1845219
238125
179295
-1644892
100422
-842525
1469977
1735384
902370
-1019873
1923248
-74738
1884067
-299440
814253
1707972
-794074
299950
-661171
-1416941
951167
688926
1488717
896260
1525554
28302
441012
944949
-1771120
-1353466
1382373
-1151275
1848716
-305585
-1915436
708165
-262796
1601179
-1462630
999110
-1873943
-1074637
994956
1813619
-1695942
-1160890
711782
172280
-253655
1372959
-257093
250787
1961899
-474110
-676267
1687299
1312799
-1921402
697566
-1832709
1963691
-62902
1821263
1331423
-888778
461724
-1023982
-1638146
391657
-898897
1708147
679291
-1209950
1171552
-1348779
1993948
-1188223
1736450
-334889
-48574
1333645
1539615
-985159
-1737830
1072176
602719
1533477
-1739411
1045873
-1224875
145473
1547178
-1086474
625869
633452
-129301
1533090
-1393751
1960329
-593225
-313029
-9503
1181297
-1627282
-1230401
-1937188
-1247655
-1679595
-362593
1532395
1583507
-603194
-961230
9117
205859
-1854864
1338447
1451421
-1296160
312393
709071
1537986
1231985
-753526
-1111514
-1205680
-683027
-1713070
-1355753
-445339
-1380863
1747711
-559380
-1396010
1846777
-616667
-1634051
1209915
-786257
1573340
-1774680
-1185973
1124335
-618089
408996
1962974
-1858255
1721475
-1018055
-130314
-486634
646668
1804538
-613724
-1310381
-848738
861706
-1406168
1591575
-1822811
-807370
-488724
526747
-152653
1402031
1137612
898203
-566210
-1201773
993506
-835141
-330792
520931
456977
-782598
-1177585
247756
-1013231
541430
1442098
763560
581015
1255698
1292461
629868
-1515601
1194570
-776370
1686697
-267555
-667965
94083
-1003514
845788
-137354
-395373
1540738
1250258
1574533
1718029
-232300
-959457
1783720
-1264562
-743596
-389846
140861
482348
1659865
942095
-241219
1570411
153810
1121635
-1712004
-534610
-577232
-1649349
-264484
1423219
-356928
-1840106
1390845
-922116
-787915
774993
-1655681
1259421
1799212
-572431
-706286
1825051
-495025
-1798592
1985619
-1389527
-1714017
-1532021
-390944
859862
1995016
-1089264
1275238
153989
-213324
634130
-402727
-785608
1277581
95146
-574616
-1828508
1708812
318996
199417
-640995
-128242
-909970
1255346
-1926020
612488
1172423
-1856666
-1593662
-1206839
1431953
-499583
-1921488
-873102
327130
-7419
327895
-946334
234117
1144922
127025
-1446368
1385736
1489891
1170819
-1261075
405615
-1509996
-1138028
518611
1160471
-1586884
-37973
545202
997366
-1704166
760722
96403
901130
-128706
404747
956778
-2359
283337
-1359453
1195465
1014671
-614506
-949978
280636
360698
-398637
-655251
1369690
1647803
1990472
1780937
-826131
212862
-560581
1869311
-212390
1887771
1799428
468590
1925216
-1968373
1203220
-1691157
-651584
1683033
-1070440
1343530
73298
1401344
-1891254
1285013
-1107859
1086937
-732992
852766
-512440
1986550
555604
1374796
-1340622
-1958884
1288058
239784
-990388
1673372
-424922
-425735
-319094
401780
1010475
518009
-141981
1050836
-1174552
765037
-308596
-1772176
-1497834
-1389889
-13130
439852
-1382620
-444379
-1326817
1575893
1969243
130804
-1692652
-979878
-391200
815948
-1873719
-1022766
1673211
812232
-693381
1934273
647162
-1721615
-1158372
1071487
-187595
-1514092
1777337
-408616
-1730377
393573
-1829843
-1422494
-257856
-1669460
1801453
-1062703
745357
-1285209
150905
-1484507
-1872444
1275078
-865265
-1959074
-632127
1019031
-424750
1136554
-551172
1700533
1182092
1816194
1745858
1431954
-648123
-1333212
1630141
676708
1760851
-157328
744507
-1662597
1561358
715071
-890184
-1068248
-307609
1014734
-615580
814441
-249975
-955040
1568253
1170015
1128339
-409869
-1220718
-1244940
759062
-475831
597821
-705602
-478632
-1799594
-161995
-124355
744641
-191367
501651
-592402
70916
1538634
529530
1454912
-1836130
-35391
-1137159
-1182564
-557917
1260745
1739940
-1702253
-810797
-965258
-949610
611943
1470778
1698238
282153
-1474305
1330624
967608
1527284
-1990267
-812268
-205766
1139733
-1715839
-220409
1938844
-570733
-1010532
-54209
1110638
614169
626949
-1827921
1275412
-1488672
-487636
-1326473
-1887296
-1608191
1968379
-1896115
-1870996
-503945
870612
565800
1007095
712935
1274446
1939340
1102630
-1080459
1558179
-1505240
510575
1593699
-1501583
-447934
768274
1064162
-1880773
-471069
390702
-303314
-1820344
-1094923
1982086
1800651
-1806388
-1981911
1741667
1828822
-1276459
889938
-1526142
1958399
-1972823
1829866
1767078
-690612
-81340
-1060951
515659
1378143
-224529
1243339
-489648
978753
-1494477
351641
1900457
-1612698
-894654
-1212167
-1499118
1691640
198204
-1695278
1786997
-1640177
1615639
-1616340
1010219
665614
-1170548
960067
-23703
-1048752
1865547
1110420
-1654870
1667072
1257939
-1454544
1607525
-1648911
1229539
-1306288
226284
1434415
-11491
-1459995
1020904
347089
715500
1511714
-1965148
388234
1714609
633157
-153060
249122
1236497
-815490
-1542419
-1478755
-1556861
789323
-1187992
-191495
1321492
-1102294
-440628
1611278
1797706
1397746
919876
15509
1006495
-1777952
-907461
-1016135
632729
1034929
-140670
136597
-912415
-1395206
832446
1550897
-293000
-1315426
416228
1581878
-1988942
-1880628
662451
-481296
-104306
-1427968
767293
-1694097
755707
-1436118
1888899
1755830
-1100390
729430
1593487
195332
-88443
1062578
-1842860
-1364019
1428608
-1084199
1748248
1429713
-1583312
-1547330
26020
-1994632
-669533
-318023
1828707
-1887058
-1658028
-1641568
-1877409
1870244
464607
-56895
-936068
1903468
-792636
-693104
1041697
270004
-565641
838414
-1740047
716009
-773337
1496251
620362
-1514070
1592806
-1310412
1097186
-490791
-1096691
784775
797930
1634636
-434406
-1158376
512352
-1560871
-1481515
170505
403292
-1560860
-1765987
1886798
503367
-964074
-948796
-1044504
104907
58549
-416272
-1960590
-270944
-1617690
-440802
1206150
-416873
1863500
-811582
-6155
1295588
-1167594
-1584578
-427018
817353
-662895
1406693
1145752
1792189
-806377
-1544240
1931747
-525934
-214714
1449504
543007
-112837
-74390
-910670
1787905
-84100
-286464
1357671
-1356913
-882926
-1948407
1709896
1537116
-339338
1850135
248921
1457967
-116392
1444810
-19067
-1518183
-474884
-1953494
-1680140
-1356624
-1927650
1094982
714415
-758666
-759175
-1286351
-1939510
127281
1616832
1245476
1931015
1575655
-696627
1707367
-1427927
233307
1444221
1515548
-1511078
-1148034
-962410
-597227
631358
1876044
-156766
-1797408
-912078
1238184
-1164675
304108
709723
-562969
330808
-52418
17187
-1953036
739008
1270068
-1908734
-1935976
1107270
255254
-255906
903248
1583393
-1892883
-1807062
-6038
1403493
-1100200
418108
1978534
-825337
1458017
262461
1016541
1610112
-447911
1801082
-68318
451210
-1921596
1485051
-692657
-633393
461887
311272
-1533703
1186991
1285250
1420637
262820
-1282440
-588054
326403
1870682
-1440860
-105054
1095654
34433
1278977
505081
-1991616
-1771086
-104779
421146
551970
-1459889
1368080
-1746391
1925622
-1115703
-1427158
-917428
-510282
-1865508
-691934
1000321
-1479845
-1240276
-1115444
885838
-823334
-850518
-1153365
-1793992
-1158265
404464
-136864
-1986794
141884
-1369378
-41054
-882886
722350
39405
201768
1858400
374259
1795524
-507658
1557596
-1626934
-337543
-535024
534497
-1183632
-484269
-1599096
-1124001
1553327
565960
1743662
1409238
741098
-1079036
-259435
-179384
1928150
-1415399
-753103
-267800
-980052
165642
140986
-1391595
1069567
907496
-1741879
-198351
480454
880398
1530267
170316
-788166
-680297
-1010531
-807859
1934259
-654056
-158781
1984355
777041
-1530868
-1117752
-1739344
42119
106933
1333749
1084948
-1247405
1434528
1010824
161261
-585388
1751338
-1454405
1800821
-1661437
-506508
-938977
265091
1753315
1855832
-1376873
-1725848
-157222
-1420563
-970955
575184
203122
669500
-1451109
1342293
736123
1379533
-87831
-685826
-1008672
1301999
-1572086
1964639
-1442529
237771
-802238
-1630932
674246
-1135198
-987662
-412433
-1641983
1959303
364225
-40388
857360
-171245
35841
1378999
1470802
-1502010
-825465
-751061
589617
-1443638
-757872
789485
566453
-1151548
176040
-794280
-1194
-1258991
-614295
270171
-1585912
693627
-957685
846961
417163
-546327
325384
872918
-1515577
-694285
-106892
783520
-1986534
-1319329
639415
-1378145
42310
984572
274268
-1169783
146679
-524372
-139844
-1591574
-463764
-316702
-256142
-1846185
981491
1013527
1277263
803941
-1993995
644117
-8694
1222134
146352
204978
-994473
771861
1376331
-1998469
529719
874201
-1017285
-504289
-1166346
1058038
239047
-577668
88839
-560880
1873679
1200796
-1112189
1312720
1050912
1549993
389370
-1507166
-1558706
789980
723949
-278130
-1898542
1882414
1724293
1926719
-152282
186676
806339
1145153
-1953730
-323702
-939042
-265056
-1635013
395947
300154
1216217
-779532
183114
1772938
87462
1219121
1478323
-557739
1153050
-1834203
-1076473
-30505
-1484674
1830040
103339
-1806292
-661851
-732181
1498069
1576968
615624
-1356936
-391633
458453
-1315309
-1675350
-1909700
-384602
924111
511748
-1037686
968616
1238526
332067
-1615217
-966194
-1535666
-932085
771144
1585903
693998
654392
1465094
-412637
1183999
136899
-797299
1779135
777056
-1572817
896199
-382208
-1264642
88695
-401590
-543395
-1639956
1061759
-628373
1027124
-1782217
-94304
1603770
1099494
-282788
1844381
1378398
-512730
1042048
1296490
381510
-330502
-1576605
-170136
-1154275
-1357697
911823
1948858
1769651
1449216
-1417316
158231
-1437091
-1249393
-1717816
-135220
-1294351
-140446
237508
915950
1939877
-642602
-1147444
-496881
-605487
1841430
-1573332
593709
1884511
1547847
-1621888
-1251784
1842261
-1480609
-1648122
1752244
-1047031
-562226
1042624
646832
-1097903
855614
1790625
1868745
-1862453
625882
-909204
-1059404
1837794
1000897
1471356
-890164
-888327
1919216
-1732121
-1554313
1162810
352827
-1416026
-1803181
-31619
-845876
-1793893
1065218
-260014
-621608
1736756
149369
-251025
838277
1437605
1263848
-1677669
721588
-77153
-1034358
-1284030
-1172998
1599198
1054493
911067
1658725
-1947434
1719712
1440095
-1497755
1444524
591409
341632
1858169
1841629
1145957
1745965
832786
823841
323713
-1843597
-1130263
1244890
888573
-963446
459561
-1697201
419663
-192232
-1657502
-1752573
1050666
-1186859
179384
1560786
1346832
-289129
-1026823
-810322
24560
711548
-338937
1428358
386220
-853168
1220481
720643
-29512
-1943973
1543217
-1206415
-1976510
1293628
710588
189783
918878
1291272
1428829
1971598
1175672
411398
1532446
-1483364
140768
-1611581
-1740350
448407
-396428
-188929
394503
-503710
1064618
588715
1528273
-104640
-1660757
-292099
-727857
1150999
-1610532
-1334121
-25658
-1566898
-718727
-1211479
1557551
498663
-1884334
581905
-1975887
-651019
-174572
-1779963
1369957
-883400
970625
1799108
1755806
-544742
702263
-342941
457716
1497357
1457445
425825
-1927285
587630
567698
-1118312
-1210540
-1344416
-400185
-1357588
-283003
579064
-1767286
943246
-1787485
-1958988
-1543156
1332246
781749
1992121
438497
1725446
-788384
664778
-1529220
1304153
1639851
-678639
-431898
281815
1764205
-1504325
435701
-1924897
-257046
1311768
-1262288
-119938
580368
1547351
1089742
-296793
-1608045
1228778
1969475
-1893996
-155925
559084
1821221
-434641
1661469
530162
-1639768
-314922
525561
-1477148
530982
-52024
204537
1697147
685520
761278
1774355
119962
-1072845
387666
-513175
13343
-1385016
1218749
1639635
545319
1808888
-65827
831187
-560359
1138616
-1316928
1063201
-1480040
455802
-1662137
-1732271
1218832
1068404
-1798749
-676168
-799921
931101
1030291
1292303
479950
1760765
250038
570423
301206
-689282
-1329054
392535
1870985
1725577
1772377
-1623492
-1200949
1923452
1947611
903766
1870092
-1598541
-1519724
-1800989
263079
-1607268
1376525
-966502
645005
1782540
1530030
224987
-698526
-639212
-128771
239986
-645899
391242
-488601
-1713367
-754069
-1296180
588657
1767592
1261890
-566502
1724285
1256453
-1225585
-1469208
995848
1397307
803536
987
141813
-682175
-595570
1226039
1921068
1603434
-1339229
1282885
853612
-1641416
1574701
1085267
1608821
1895158
1773079
853102
1993764
-1109371
978584
-1139191
-364904
-1989991
777582
-501446
136741
1145776
1715025
-500271
316855
1920227
-1159447
1639690
-960533
1208275
462763
-1066241
1658219
138092
477957
-303656
894257
1205321
1347728
-172182
-1921692
584015
-1016189
-1181933
820583
363607
1642074
-1418901
563065
636782
-1134489
-1212886
-1748971
1868503
-710523
-1565592
-86211
198728
-1247331
1635794
594489
-952351
-59418
-1430793
-1986185
1839878
472817
173656
555462
-729121
1553600
1308199
1732390
-1078521
-1089530
26971
1383025
-193484
1643303
-1523098
-1308209
-1597469
1723287
1395979
-975043
919738
1902427
745309
-1310256
-877332
-478813
109606
1819391
-606408
436369
-946582
-1389005
-865411
-1201847
1480648
354072
-1814527
93859
-1309416
-1270854
-317596
1811568
-642557
-104293
-985749
-1507856
1567252
-526491
-1266441
-1722533
-200297
-1369221
-1882589
1886082
-1657048
-1438302
1628644
-578123
687932
104555
-1807530
1571375
-988532
-676924
1888010
-1606953
-1367287
-953430
-461118
-1140539
1443019
-775558
979741
-484080
-1563064
-1164688
-422840
-1569631
438621
-1428340
-1133696
1200513
-1122175
-1046412
524072
719715
-159668
403225
-1366107
-1926026
295315
1908246
1270648
499687
1542600
1056514
356133
-674593
307966
-1905856
583826
-526967
84067
884571
-1199436
1427260
-687313
-1631534
1387161
-1711546
-459478
1109936
1807236
-1679789
-1544196
-688208
186049
-1273164
-177821
303874
1124840
210118
-689244
-1741289
470584
46457
1255245
1221388
1124983
-1367497
328409
-1960752
-1806860
-1187653
449571
-1818697
373358
-1288347
1576250
-534532
379657
-1733536
886697
481985
1904203
733935
-178587
-1461645
-1283263
1041293
1243736
199391
-1099788
-1075137
-442905
-389121
-228498
274385
1006944
-820811
1313467
-753534
1917128
878213
946899
314088
1623206
771615
-1520591
249873
-112181
168342
-237179
-160792
1901208
-1832625
176946
1414123
1821852
-266035
772533
-1993422
1261323
1852788
-921498
1348591
653850
-1059140
239927
1437183
-628344
1811096
1130236
-1532869
-1237056
-830813
-1526460
-1529066
432781
1230863
567408
-1932641
1604624
-993989
393860
1447426
917558
-1351255
228617
-1784125
-743264
1672542
-1825132
899287
-214733
-1485854
-1242668
-1349869
1209451
536925
1959211
-759280
1670719
605427
1008768
-546206
-414468
-1316065
-931946
1163802
401203
49438
-1951370
-93431
875032
1059627
-474661
15363
-1066652
483863
-571160
-10638
-303206
-896579
-1376393
927197
-1698659
-1076752
652186
1167099
305513
16341
1226994
-1605751
553364
-643563
1493145
-993227
386101
-972029
1307095
1921914
-875127
-718607
635108
-375347
948070
-259855
504702
1649616
-581324
1673907
-1132313
-1864452
-170485
-1561201
465514
832605
1358697
-966805
-480123
1881697
-1977583
-1949710
-513574
-1112297
-1909380
-1478778
-143602
-997533
535288
-284141
1155445
-552308
-1513426
152677
1259659
-1364512
-54873
-1520188
249711
-1385736
1579496
-1053251
-1091818
-1665326
659126
-1636269
1859787
351266
787255
397474
-1016674
1208448
-1170902
1823411
770493
1098011
1163343
-1598268
-292089
1926534
-1210977
900488
464841
-1073559
1549595
-92871
1471774
1907814
-1580458
1640280
-1280463
438285
-766120
777836
724112
883097
-1625406
1866333
-1442887
-331450
1261860
-1916292
390390
570062
105514
-191214
-911573
-1126358
1269865
-690143
-468005
-625532
-878890
-1198764
1303135
-273186
-1528324
-1157769
177345
1512431
-305379
588089
-282204
-1952573
-1003906
1056494
-1786605
-1177745
1349494
-1256126
612765
-572719
1606438
-76366
1771380
411653
-690319
-1095240
1517176
-585110
52419
1509521
-1145358
-1871040
1477457
1456685
-376755
716702
1820377
-1959626
-1296147
-1232488
-1309207
-1244218
-1765200
80502
1265985
-1272562
88181
-1956470
-634459
-290727
-899264
-933080
-1916372
1678350
167601
1384374
552316
-1231979
-205384
-1076180
-1962522
873095
66161
515497
-678127
-1294663
-1241095
-1266177
1054461
140213
779389
-371168
793135
245456
151372
-62453
-1467478
1673649
468480
1563936
-474689
-1215321
636072
-391969
1360745
404538
156491
-386664
1854554
664637
667617
1414250
742332
1990290
1471576
-736492
-845332
1791523
915545
-502852
113204
-133701
-43723
-1236961
1191313
-1468092
1615170
-820532
-481065
-1394840
-305481
-1683036
-644382
1885900
-1143652
-827895
-1958674
-1398603
-252551
1895848
1520214
73763
-1898433
676579
-364610
-389607
-1239373
-15319
1860242
943288
-55470
666611
386576
-1722255
-1902485
-1027494
-971473
275295
-649921
-915549
597541
-729705
268934
1170171
1118872
1724827
-1449687
1868026
-1055022
-824764
-96695
721780
916807
-471713
392043
1688273
1892808
-920832
-1946519
1238953
-809235
-1691024
-1121857
1150777
1871496
952644
-290332
1104353
286212
1730698
-966113
703278
-62646
338386
1913291
281169
77158
1825068
239946
1252650
-526457
1376681
-559460
1499249
413519
-550122
1529077
890785
883331
1910260
-556597
-1227717
-318731
1444519
1135106
1801946
574845
292391
1758354
808645
-1615774
1315431
437689
-1748146
611900
-788969
-133257
1401252
-1575793
-1524911
-58295
514340
504892
1782173
-1120712
-1250917
-881734
-1934741
1768218
107221
21655
949452
1149298
-1926572
1570198
-1750530
-1358063
556891
1903111
637612
-1991519
1769219
1314338
-539077
-1492677
-1521850
-447643
1309827
1232012
802871
-326923
-452474
1039034
-1404796
-1131784
-865638
691290
891761
-373747
-1851312
-1115083
-829366
-737769
-1005790
814945
-297302
-107547
1815545
1346822
-663862
45016
693957
-1275472
-572226
464562
811581
-900776
1643264
139605
175323
1479353
427409
-349531
-1689785
1952430
-1670378
748942
1914248
-1182527
-943389
-1630050
1865954
-1266516
-123931
-1743166
-1383984
-282512
997049
-1277276
-1774170
562983
959795
1495161
-942464
-234705
177722
1420237
1441761
-254178
479532
-1184145
-489933
-1272391
-1951670
-744206
1076824
-1789335
1897655
324095
-1676233
-119729
1852515
1956955
466166
-667023
1927313
520412
1372105
862955
830460
-957081
-842654
-769923
28221
-1577647
-328660
-1631807
994815
1931271
257527
1919289
-1268726
648619
-236114
-311928
-926610
1255363
1875382
-815372
-1922137
1189474
-1463733
-1901662
-1294321
1312227
-229114
-1745629
-57071
1230135
-783708
-1598847
-1346060
1757468
1812903
331225
220386
-482073
-130543
-1423294
-1603804
-1339275
-1026493
1615260
1170666
1705802
-532186
-382342
768137
-547884
-1256520
-1030552
-1434063
1085410
997236
1663256
-1876307
38072
642822
-1224350
1131327
1867799
-180319
1595380
1253044
1974272
-275448
-1981288
1997996
317009
-1125448
290691
-455746
141118
-834587
126191
-855792
-1838779
1907833
-315893
547076
-105403
-120354
-775444
1756149
479797
-495203
-1883886
1174102
1243852
-253764
-1013712
220956
-1234297
358362
1193536
-1474148
215330
1199521
-785992
503709
322297
268001
1423259
-1680806
937263
-1333774
-600126
2921
1066484
1091611
-1027548
1432404
-398677
-1606269
524063
1840121
1963490
545816
-1503082
1377667
-1795226
1178452
1692324
383515
-275961
-140177
-1920010
-1812032
-1568882
1093920
1537770
1108513
830016
-1626375
-287967
720898
-1837016
-169233
-1968207
567401
-641575
-564671
562945
504891
-1092871
-1092113
-1358801
-1780581
547022
1422983
1401055
-784497
767764
-1394581
1203601
-1620091
1295176
1186559
1144744
-1798284
-1834884
-232203
-132537
-653207
-1656103
-1794180
515211
-1592586
-1131949
-1633890
1480005
-1690552
1997200
463824
191124
150506
938039
23980
1126463
-438127
-687273
-1679690
1495694
1792329
-1234643
-1581730
-580403
-216908
1238635
-1156362
-564447
-158975
-600866
-1797255
-361986
690873
392633
445990
266748
250885
592777
1938569
149260
-1955983
794523
1163839
-453973
289780
-996682
-1772679
-1809023
608866
-1702453
1422704
-1301560
-1799660
642054
-1491984
-887444
-1336762
1728584
656491
572029
-905409
-1381731
-1685131
807396
-448793
654025
-1741829
220607
1771814
519523
1170395
-1740400
1193634
1867421
-1981777
202285
112750
1888857
1178028
560451
172972
-17659
-218269
1874237
607202
840693
-569422
1714874
1334648
-1357711
-634265
-692378
-1603935
59515
601999
1297905
-1628917
-1005782
807057
-723143
-1054957
927944
772824
-86583
-1146511
-1496133
684976
-1820051
-250082
-1511160
509762
174005
-933141
-920369
830882
397271
-1125044
-315135
-1593597
1556748
-634663
1701342
1344951
1475576
1596915
1755641
-923821
-982722
1457023
1025592
1594862
-1968486
1290416
546504
147173
-206448
-960343
-1716606
-1568496
-1526195
-303330
-1009139
961373
-1529545
-411665
198695
-1502048
493544
1594153
-1024984
-1950776
973245
989010
1651537
396958
853253
-541720
-827276
953420
1607738
-1763288
612382
238671
-1068105
-1867167
-1431633
430038
1269437
1267896
572337
-37012
595474
752579
-832001
-1221281
-495701
194345
-1200330
-284557
-1536765
-707075
-903561
-827664
321355
510570
22048
-1274170
1032828
1440899
1769786
372249
-886037
1366288
510026
-1133719
345234
1536294
-1274342
-471132
-1206514
278402
-1204064
967200
1629480
-1887577
768516
-1478205
968837
1141086
-532744
194581
209879
-1544946
1192888
-1725966
1637650
-505110
-1437541
1365598
1906078
-332493
563916
534478
-298138
-13165
-159398
-1631873
289287
480737
-931027
323088
-956517
-1816239
814440
-1607835
990209
11252
1651480
262362
960057
422674
1787912
1823993
1695394
1370643
183153
395773
844949
-712781
-236506
169092
-1653283
-1877701
-520131
-723105
1039837
-1558633
-1158492
429071
-383740
595915
1199825
299729
176691
-578525
1544031
984845
1604067
566025
-477657
1902445
-481262
1871723
775806
1972296
-218424
758394
-1774810
-205614
-194522
-1710156
1945235
-1310820
-94594
215748
-763430
-17630
1989279
1050502
1428046
-1308630
177228
-1941039
-438539
-1700078
-234117
224477
-1800235
979330
-1443643
728037
-91033
11741
1100564
640321
-1550457
-1628612
-665750
-1716586
891862
1860302
1676691
890325
-672368
-1791080
1974165
-800549
623952
1214
1482521
-1517223
-987359
1161830
1238741
600806
-225484
-396551
-159160
-878194
94039
-114611
1330666
-1730604
-914507
-1297468
976861
-1308652
-1164547
-1545870
-317161
-127522
-1531157
-175377
-1346913
1968495
1390835
-1387901
1898441
1296688
1957716
262937
-1495537
-615930
-483129
1938366
798086
987423
-1668778
-67001
-1758171
1988138
-1747843
1146285
621043
-1033463
-1442550
1194388
5910
-865158
1730040
750338
610328
1405946
-1007353
-652049
-1910165
-694518
-1806023
682003
1743743
1010317
-885509
417502
1889537
-1718948
-1521774
1966798
-1255522
1086479
-300529
-891712
-983354
352986
719951
543571
1426621
1905849
387599
190428
1003733
860179
-328742
226344
-1701509
1117661
-1431211
-861851
1262933
620142
603958
-685224
439871
-116880
1427539
1622635
-1592107
253466
1749375
1663610
-1148892
451861
1966697
253367
1949750
1899578
-1606959
1529839
-1388415
-420884
1812449
235967
437457
-1008875
793544
911092
1883387
-179621
-944501
-1626401
1511167
-10173
-518927
757936
1708608
1701526
-1060871
-498847
-453134
-1778361
1078651
1066367
-49939
251751
1788195
-1351746
425519
-1770993
-531329
921453
-1338372
1108369
-1061555
-1889888
1964259
159740
-1541551
-19835
-931818
-1731413
1243885
-828944
1200804
1946901
-597506
-191500
-1312584
-955051
-768052
-799185
317900
1016230
1223598
-816473
-758983
1563205
883397
-1317619
-1250886
-1483416
914363
1978973
1101668
-1483962
-1956942
-1561344
-979386
-934124
-899345
1309050
-1442757
-1347378
1173901
-185397
-1231058
1902520
1313893
45201
1606980
931656
-1436457
292094
697260
472318
80964
-1322669
1984833
1086860
-10280
-1775011
587918
-99686
-1828872
-207142
-204075
-1704627
-849805
-1492342
-1935084
1549408
29290
663371
522064
433576
-1640836
670310
1431140
692493
1494301
1243991
1678953
1327145
-1547336
859864
1673163
40322
1479453
-1699514
805467
-675000
1752198
783138
414239
238664
-1831821
1651890
-429059
1813484
649356
1852786
-309646
-239543
-1787028
1417666
1391996
358568
-632350
1452616
-1933111
857606
512089
-1257674
1437270
1560123
-1958596
1123068
784971
789537
-1218084
51521
-268845
-708095
-1686232
720471
-14838
-947048
436768
-1282705
-1411537
-1243573
-219408
-957416
-1860763
-146811
1704177
-1166100
-1562537
1538193
-375933
-1313870
-982720
-1173518
-1949022
-534312
-1919752
1974632
169648
1273027
-1189713
452338
-969002
1182447
-1029780
1422515
1386530
-468858
1753221
-20900
-1027260
1662953
-872750
-1844710
1524198
-122435
1998157
-1654123
708039
-1292457
1992592
484547
185927
-1593168
-610695
39766
-1858795
-562269
1510554
-1944539
1569780
1544828
1805700
-613136
806601
-1315857
-1750503
1433888
-803435
-439603
1801244
-303232
1309899
1702308
-1421093
990917
-1386532
-223672
403817
-927565
1180646
-1508046
1696514
-609682
69404
867211
709944
-1066772
-195570
-52534
1348817
706587
489692
1480559
-1395566
-918998
-978367
468525
1600081
-1406847
73720
-492555
1867659
589115
1937843
50092
-1269004
932075
-858981
-1349024
675136
356016
1400495
-1390533
228924
-1804234
324166
-1491535
265529
-1046083
459359
527940
335677
1410050
-1714505
-1177619
-536705
1523985
1413156
1853487
-232511
1574418
1194895
1986157
-1135713
-1699373
1768946
1072127
447268
920490
-609855
1005318
788698
-576420
-1707850
-1041902
1698018
236724
1889312
1359481
560583
-1610111
-1030896
1570489
280446
374470
108986
-1209276
1360284
-512223
736453
-926281
981760
-1731574
-709115
-1887
-1840782
447967
864855
-1189159
1563610
430863
-1555932
-1995047
-844253
412368
740970
-1329493
-642073
1758345
-1055780
1395907
266242
989430
814208
-1988785
-842229
100352
920450
1133668
-819912
-451116
-1211693
-497936
-1087859
-1952345
-928760
-586118
-215459
-1236834
-1708691
-79914
1587526
-582613
32432
871746
397764
415716
-908492
-988584
-766441
-498216
1878761
-1951396
1313044
-217794
-132407
1813890
436538
1708678
141437
997577
1635636
-1817297
-150676
-584619
-1642189
-295255
1999053
-517439
862359
-1634820
1452173
-1892666
1796677
1701275
-237039
827845
1394906
-527565
-1070588
1859479
1567875
1844234
1364697
-61101
-1709505
-847889
-1444841
-493332
16911
-1538649
1978847
-325148
-1927093
-656336
-254063
-1760896
-1820082
-695508
1840987
-1672097
-1744701
-733056
1457941
-1679125
-1470601
-1406771
-131096
1881504
-44746
176313
-1540281
1033411
661146
14507
1434969
1997803
-1985772
1915187
-654542
-812275
-521990
-733034
694172
-1549350
1791679
772862
-1407668
1501782
-129841
1279485
96039
-53918
-1135264
-1013130
-685041
1321476
1370028
1486170
-1454857
-1574908
-3386
1088437
-1127341
613683
1451789
-599933
503867
1019064
-1150523
-1193210
-21993
-1669454
-429901
-1446651
-1229320
-477661
-685662
-1120284
-596567
475643
-658241
657500
980138
363796
140600
819590
1703742
518991
-1613829
553268
-275076
-820276
-734296
732652
347830
-1009754
-89334
-790864
279251
1635910
-879441
-508155
-1146727
-474052
329277
45778
1390311
-1425480
1492987
-1369116
1767558
-577109
1218354
-479871
1507703
1265713
-685746
1049593
-672752
-1075324
1614210
-1830894
-1367621
-211632
1418612
1948060
242903
1234689
-97637
-84808
-978793
-625894
-117964
664490
-964734
-1577701
-1962099
1273315
-106047
-232844
-1761476
207048
-917921
-1288246
1136637
-1309440
1735173
411103
516691
1013284
637756
1619813
-561954
1817942
-1821335
1892321
-357966
-1593001
-622631
192423
446709
1259935
1535809
921240
546950
1322863
-1106044
191048
401362
-1353987
1650837
473988
459906
498658
302154
-1943250
472730
200035
845453
-462606
1559910
1393346
1734367
1015314
1191786
1592762
-1725245
165545
-1965841
947997
-461309
437752
121131
650261
756390
-565922
-573626
-1768559
-1319881
-970048
-1282317
1815860
-1931403
-1543754
25080
-1311553
-1397975
1288295
-652399
1478636
1346272
-885936
895143
-15416
142180
-919317
1796886
1884379
-303977
529756
877006
-1968982
278343
1068306
1194897
745685
938416
-1131763
664048
1226388
1255079
1300283
-47933
-638572
-243779
-276243
355094
162710
-1141365
1281934
919039
1509148
1323824
-1125155
1165525
-1332334
1760472
404801
-1897175
-1889891
-419669
-1080237
-1731613
-720239
1618351
1690442
-1870679
1607866
1793612
1005935
-616315
-68351
447639
-1981555
236920
1962454
-1752662
-1072560
839500
1353866
180310
-1446119
-1926925
-1198834
1562399
-638483
29023
-1639899
308892
148026
1782518
676742
-1321996
970707
879457
1476362
1138717
-852251
1790793
1486776
869737
-1144753
-1603045
1605326
-1616075
-699739
1502762
1251000
-1351338
-1737203
-1114158
-1962823
-462776
-957992
1939113
1449333
-398370
-1674092
1779384
1206627
-1840867
-1111407
-849259
-333261
46793
1273546
-1466805
1023293
-991771
1151404
1553398
1682096
1423059
11944
-1305166
643864
-829030
-413196
518465
-372298
-1432929
-870476
1632262
-126202
-388247
1324562
14863
200959
1923103
-1271267
-156365
156279
-1317827
-855570
-1419299
-37277
1000029
-1300084
-258313
-1516100
-1958762
357299
-184849
-1869234
996926
1270606
1363579
888619
1051213
-1695257
595879
-546290
1779155
-1501800
-701509
455949
-194138
461383
-9078
-1027906
927588
-1992603
-509450
879823
-222613
660457
-603416
-408947
-1096502
-107034
-1787034
391885
-332920
-1186937
-1650056
-708206
1136258
-1507747
1648965
-1558032
-1622882
1702548
-1009692
650381
-984892
-1952015
-1161162
-733464
-543675
1305392
-1934929
1746726
1470972
-815623
-728242
566843
1853326
1909203
898889
1636231
-18554
1965171
-297574
-1208900
-1702392
-206545
192999
-23719
653593
-723740
-373061
1697657
-975237
478965
-1959722
1901872
1836912
-1938352
78769
1634765
1451396
-107311
1249144
832073
-574002
-1187585
-302738
1554032
-1707081
1721491
-335658
259830
-1100969
-1272013
-1066146
1236430
1723597
-309103
1066858
-366754
-1517833
-583117
-1412529
646868
-839162
230467
561584
-4128
720788
1178287
-1576328
697624
1584551
605954
265673
-1716171
-865651
-1473201
664173
1768667
-298759
-1581759
-1743503
-671257
-1965982
1134210
-1057051
945469
110086
1277037
-231494
86886
-1458858
-995091
1605570
1660721
-358654
-1763061
1080235
-1358845
1215101
518952
-479631
107570
-1140031
252106
-1323435
1280477
1443972
-1204830
974829
467433
1120293
67720
190933
1052041
1111545
-1237233
677017
-720039
1141288
211731
-1544785
-833726
991534
1266557
1759620
613788
-876521
196752
1751517
770630
-1935475
471667
1543338
319996
280026
-276648
1826392
-1348924
-561418
1812775
-444857
-1600853
-41966
1201253
139942
558638
782057
886673
-1706177
1921273
-326575
-1883957
607144
-1234325
-513882
1793631
1376025
1686888
-231618
-1869768
684972
1957093
-1316368
-1314326
-36815
-1233575
536642
-1133805
-354525
799206
-1862738
1865490
1169527
-75229
-408431
-913075
-1317562
1966142
-11483
-1535264
-1167468
297776
-498177
-1681965
-493341
1104308
1563602
1768194
-484151
251464
-1833925
100993
-1463091
-493469
824625
-1896265
1924203
1505865
697031
127914
329830
-1809740
-391884
-1870788
1121319
-304263
-959777
-761668
-1101799
-754277
1737401
935401
-1258658
332196
1141539
-1251043
-1493031
1949088
38424
284881
941783
272368
1016142
1740416
-1904172
1391443
-1699454
-1641113
799527
-94723
347133
1862082
-1594824
-1343088
-1093632
-1854680
855271
-1260739
71962
615568
1572489
1793048
913927
1321515
1252027
-1025421
433092
1680391
-1251880
-1288909
-98035
-1244166
814856
1994950
-95041
-351027
1200211
1782621
1480642
-433159
-1179183
-1649709
1180689
124761
1226318
1572475
-1486684
1685050
-919991
-1838259
753982
-234936
-1746343
88709
-10465
-1319515
-1700475
1067999
1368940
1833618
-1346953
1567114
-1859042
985603
1931042
733686
1947454
520487
-723721
-1806086
-1322553
1864458
217303
-1951375
-1040524
-470296
-1792023
1524588
915689
-289143
1464725
356584
-1474480
1871471
-1088037
-171945
1704869
-1848615
687345
843280
-860339
-1073941
236673
116933
258254
-1718812
-240507
-873422
-1604806
1246684
1253311
802580
-1343912
1693387
1173356
-1373637
1113450
1799346
235081
-332298
1005431
1590754
1837003
-188278
-1766518
-1286631
-1846494
1420178
289513
1469680
-696235
604875
459776
1090911
804196
-927133
1295541
-698164
559404
1955712
-251130
1298649
575217
-869576
560719
-180106
779617
1503901
-756723
1662394
490562
-164191
-1052713
-1755168
696969
1542711
1942757
1656221
594622
-745318
579485
554950
929031
-1507278
1123294
-222160
324867
-1358
-1289883
892499
904150
1095830
1703812
-1977935
1423444
-1202934
1450174
-169647
1670334
241009
-384156
-1867280
-57521
1519269
-831409
-425259
-80263
-1794139
-1885510
-558088
1668368
1286994
-1225177
281492
1886972
1406972
-657814
-1849655
-1949336
615179
-1363272
-1363031
439927
281919
-759761
-172668
-555192
-1463225
608576
937775
-163792
1804748
1807815
1864094
-544885
236477
-1878893
-473688
1234533
394491
972561
1563765
-348454
-1875700
-599373
862397
1606661
185730
433122
1903453
-392290
-1143098
1859993
-1075661
-700566
-805071
1355494
-1630665
-116828
1168393
-1082510
-1799489
1009930
-1933886
-1093767
-1991854
-669034
715639
365379
-1783333
-1862287
-1176273
1705968
-1762959
-288798
361725
-1362111
1543467
-1894236
1148175
1388165
977809
1909623
-608094
-575344
916709
1569949
1547692
-982263
1857639
657761
-478304
1655608
1686081
73067
-533303
-343419
-1988932
-1256615
-242498
-604652
-515485
1266225
-1776400
1445636
1006521
-313071
-1207061
1467969
-1047751
573255
-762162
1795121
-814630
1822205
-526853
900976
-1890788
1559618
423605
-1901470
1109581
-1651076
263158
-200169
-727046
1396398
1935722
-956055
1395226
1902654
-886416
1343992
852624
-1066435
1534342
679388
-313750
1577022
-1532062
533883
938914
1426170
603687
199006
820775
773309
-287394
37002
1713297
-1156450
-972232
511522
564519
-1073311
1144164
1271578
-1193834
-35373
572248
-250866
1532732
-618761
-837121
1123248
-1575684
-1077801
-328765
1438756
-1580681
-235280
463814
-1657684
-1032615
-537183
1708509
-26872
-930103
992249
1593455
883954
-834735
-576097
-1690932
173551
1951457
-1150525
-1537156
-285575
141710
-412997
514543
1383351
77075
-1224464
720481
-1066764
-1021394
466228
1300741
-104048
574781
-27114
1044721
-517792
-855627
-863118
52647
-215621
684109
278132
1978336
1970349
1233238
1184915
1363831
-1613851
39016
-461584
1362458
322290
-1201788
1785513
-1304249
1601590
-319988
1359204
1938973
219247
469815
-855585
274758
-328655
-10970
-1949394
-1141954
459455
912523
1346290
-1726849
-1687592
-1089226
1537126
1349523
-25876
-521009
886895
-1906697
1845904
1201827
-106152
-1771687
-1408174
1034186
-1509394
470464
-986561
-270968
772644
-496567
-421161
939954
-1654256
-380984
347288
-1456232
-1835608
672039
365506
165411
826723
-1788574
-1429406
-722277
245139
214502
-1797261
500708
-474940
355915
-87519
-635946
-1884874
1584876
1560674
-1191777
-86216
-1972092
-1469948
1908056
-574099
717051
-1900698
-178992
1554860
-1051656
422534
-1762235
-1713032
-1036966
-482662
753047
-139334
-1051701
934364
-1940750
794319
1331541
-1031818
-297775
-339866
756862
-1803515
-1261115
288932
-1677833
360954
-1645785
896261
-1081157
2867
-1993972
572348
1212607
-123668
-689957
1841752
-1578811
-672669
-730089
589174
-1454342
22029
944968
-929984
-1774910
-1343971
-1665649
-1308736
1663889
1402300
-529349
1599544
-686613
-1991767
394297
386935
1222551
-1804318
647159
1853845
-352176
1418977
-1639772
-1055727
1102535
-1450598
1027646
446983
-685520
1718051
-1061340
-1732429
-1804345
12249
-225846
75700
-434625
469724
-1082253
-111570
1138893
-1305316
1303228
-115229
1106698
-721320
1178095
485565
-1286556
432244
-1118331
997393
-53629
459598
1964344
1550252
1159437
758580
-538829
1789504
440155
-1284798
1676975
-492713
959187
828474
-637368
-1233253
-780117
-417027
127575
499211
-444301
1819639
328698
1478212
-44410
-523514
378792
-426067
663365
720730
-120780
1432741
-1994832
-1640021
-1312444
-1280486
-1360111
666033
-1918941
-1841788
1885078
-526311
-444430
-1054550
1271827
1981669
-1487016
-693396
862787
352245
1158461
-423165
-218702
609389
-380975
-1479975
-273787
-852957
1351010
195738
-1172044
1938974
1233930
519515
996539
76303
1497225
1334335
-1765871
-1524500
1226535
1293196
-1515818
711522
647145
1579601
-1399274
-247660
-1426921
-841175
-345636
1303715
1353995
-1331679
115974
1971146
-1355938
1604409
1646494
-234644
1907383
779807
139361
370172
75475
553085
1238987
-640132
936573
858935
-167939
1095452
1350998
1186661
486477
-1697148
-379182
-1645648
490507
122762
1373850
-1627757
423093
-83480
-1809664
492978
170130
1871221
394471
-543290
651328
-1138081
222077
-727884
1058381
-1357116
-436683
808104
1374828
-91275
-1686864
471562
519264
-1569219
1726691
689289
720245
-1993079
-276072
-804265
-853673
847668
659370
1127300
877239
779014
786637
-1085356
514814
-947081
-177626
-1953137
-1154371
-1057162
893686
848754
1975621
686057
-636435
-1389099
-391369
647054
-454263
-382045
-1633997
1631344
1119950
-1220222
-1869176
-262501
-1285533
-794536
-1841030
104883
-24024
992416
-238864
-758284
-1982482
928630
-562351
740320
-267411
-1223181
1738908
1567717
175569
-37583
-1382123
1105382
1374580
384585
252967
1297988
-1620353
467493
587078
-742988
1883199
476428
-640831
-1031223
-999413
-1158840
979275
965650
-1374607
-781581
-867225
-1633191
992357
-1467762
1155375
159720
1089361
501226
647098
-1176890
-219433
1874378
-1759763
-426308
326801
-1636492
-317388
-1145279
1119002
-115015
1101273
1542104
-830735
889904
39736
-1265617
1560261
-1210815
-893676
-1426238
-1632931
817654
541730
1865706
582220
1342174
-1431080
1508155
-185349
526945
-944955
1506440
1109184
279169
887348
-1377411
-1804781
515239
-1333456
-1817689
-1328717
-282819
-1152174
708205
-1571479
-1261735
-1671363
1980763
348909
-185826
833113
922295
1113520
309229
482381
1466326
-885061
-969660
-200918
107075
210607
-1973812
359725
1558108
388298
121182
-1806241
-176439
-1818527
-927291
77341
1058691
-1671632
-330296
1834886
313452
1703890
-1503132
-1382363
1114355
-930540
1374522
-1868366
-1092364
-792036
802822
-1609774
-179717
-1702794
317588
1688507
1143873
1795115
67928
1230762
313981
437571
1711614
1620146
-933852
-925026
-371225
175243
-606031
-920647
573932
-789805
-1438329
1957058
632583
-467703
1072869
-379722
617813
-111541
129496
1599423
-1814961
587781
374658
1690309
157351
1713382
1361262
741884
1787711
-924600
-999103
524753
1602783
-950008
1062930
904829
1156640
1659912
-1108331
-245129
-1054751
1036073
-1656236
47422
1819140
1731624
-1636450
1244114
1971829
1149371
570664
-1360190
-1451886
1537095
593753
-571494
823312
781119
-1355916
885207
-1476848
-1236341
-766759
265485
94958
1861021
157967
1436434
1932549
-93518
-1920207
1635368
526684
577086
315666
-1950048
391563
549812
-1737929
-1587230
1698075
-1921721
1322383
1648758
1743466
1522232
-242193
-966357
-1419593
-561492
1429716
-1237669
449748
-1389842
-1498682
-304493
1049932
1085377
223514
345680
565477
-102851
-1053863
488325
-35134
-462491
136751
1709321
1968640
-858661
-1485603
589446
406579
-1799012
-1999751
-1744856
-1036790
-762110
-1999482
-465601
-1838479
1136493
-721622
1530478
-1252241
241322
55987
702454
1993037
-205946
1916960
-1881269
66549
1888663
-706215
-523362
1681094
317716
-1576826
-31011
1114457
1705382
1123094
-1605798
1860420
1206299
-1299535
-830554
276918
979099
-141811
679252
681664
-1962192
-1520481
744262
974395
1118545
-1661833
1081172
-1413826
-1029996
-700258
-433662
-1798310
657291
-1728275
921178
920893
932190
-823527
-330493
-1707053
784379
498460
1711731
1077725
1415398
-772583
-746849
1229748
-1234459
-1940889
479224
272223
-416270
-949409
1960331
-931376
683110
549424
-1703191
-204025
-1165637
-1144354
646374
265247
-1110782
-58423
-1676763
-617100
-1918691
-511167
-1788000
391947
-1057017
-87449
1339072
874099
-1739439
1134243
440429
230154
587446
847352
1671285
1249647
-1604416
1775496
528095
-1834865
1359463
-1617727
187382
933170
-1854138
1174107
-1543108
1630801
-363838
1213515
430972
1004614
-350112
1954017
-1345053
-396274
313560
-590292
826919
1025474
-231247
-1522054
-954826
963586
-1259864
-1456036
-1561719
-227174
517034
-916372
-312424
-1668506
896034
-144823
-410409
-45790
450839
-163879
-1922062
-1332507
-303668
-1674581
-1898756
-851118
-1257854
291309
1485612
-1086552
1670587
1894337
-1767009
-711607
1181999
-484357
1964828
1559140
-447524
-1337905
-1066082
285976
-1119480
-1521144
607498
-1988875
-635650
-772137
51655
-1827991
-184631
-1353753
-1860947
1749664
-197556
-896135
-621965
-1400277
-934698
710200
603346
-209851
772257
981307
-692604
-1107756
-1203223
-549570
-1416575
632547
1288727
1954616
-1942886
1094267
-1051563
-887944
-654605
-1988761
1304462
954376
1978794
1134208
-1373945
276489
-1380617
-520788
-1392151
1336748
-1042604
-42019
259792
-337658
1358906
-1122419
527885
201973
-643548
1762667
-1775714
522190
-1478503
-1079287
-398209
1910061
-1696041
-235857
1835382
1420615
1870130
-210994
-1712519
-1235174
388256
-717490
1938147
-1951962
-552563
1076985
866096
800600
1997105
-1883763
-1494200
-618181
-1589400
625243
-447024
-1416879
-1695553
-462628
-254697
1820576
-1163727
624350
-454718
1700819
85648
-543870
-1667038
168938
1899506
1711506
-625074
-749892
1447606
883562
1046156
-1417652
1864612
-434085
1458960
-1061397
-1308709
340590
927695
1565455
-432753
1671967
-470117
244566
-605155
-1238735
806001
903646
-1449517
984277
1163657
1424051
-980806
333731
-719772
1256124
888763
1688890
-1408875
1682047
-1995310
571897
1632381
-710400
866193
486916
278428
-1808766
646176
-407425
-15277
-770133
1449164
-700556
-922160
-1635670
244875
1436721
-1383411
-228358
180736
56023
911863
-1521546
929157
137575
-1375570
1808803
-1732623
1451762
-432570
-20790
-490469
1644712
1853271
-1429644
-839777
565803
1830884
83671
-177717
1715124
401547
-13148
-1724362
632073
-643669
-647337
-1627895
1350039
-1952147
-1876423
-671553
1588299
-1430763
41214
311327
-179764
1426420
541540
-846466
35070
-361418
96215
-122187
-341901
378151
347474
-1559772
-1029534
-1776910
608921
-907570
-1112201
215783
-65098
-1018286
-335928
1026803
-838348
-1768759
1831931
641500
1637427
-1134517
1670113
923147
1119203
1494013
528126
-1097988
13639
-987685
-642344
21407
-624045
1505129
629662
215426
-277835
-1196848
-1324588
813799
-1980882
1960488
-758790
1944837
-8449
1030514
-1344819
724387
-1368323
-1685821
-23601
1251733
128041
-1907885
466223
-1955673
-1108217
-302081
1730811
-234376
-1566705
-403319
-1618683
-1977273
1775553
1352663
-1553342
-1020755
87037
1575765
-1252373
1707516
-1937834
1274391
-1865559
-1435024
-1026539
603729
304455
-525373
1414567
-1007612
1836128
-1446544
357392
1034593
-192632
-443039
-324985
-515786
-1840631
1929821
-1405441
-93447
-1710717
-1958502
169779
-933291
1541634
-932266
-292038
-257803
458873
-26215
-1747353
1472378
-1380525
1077772
-805639
-244452
36199
252811
-1443332
-1080600
-578155
1403813
734937
-1003857
-1880696
1609081
-805207
-533005
204134
1152726
-937737
-1540684
276276
144897
1198246
1052850
-621534
1364470
-1820794
1911082
385065
503081
-1777222
-1450162
1056875
-1849676
-1995875
1388568
1986770
1057454
1013792
331818
-630860
537065
1579124
1866597
1056168
-882249
872528
-1760108
-530569
1382930
-122266
-901747
-1462530
1158104
-1131334
-895535
170992
1834128
-963848
1320339
1079815
-1408768
-690352
-1744503
1065411
-522668
749417
816657
229913
1131055
-1942293
-1062853
38031
-464775
77851
543292
-126020
-1006769
-1757226
-51178
574880
1272276
-677818
415690
-962360
-1550042
-1703964
1141093
-1758525
-369378
228769
387970
636057
1277864
-1802024
-168712
1930320
-228050
-1694237
346026
1638233
-169312
-1612524
1269450
1033857
-1092181
800921
430538
750931
-717321
-1584261
-1408427
1226268
-600876
-1201903
-1645881
410654
371211
-604198
1206963
-148360
1541497
-60164
-1068340
1301352
-1026683
1461569
-55193
-1736452
-492641
-695201
-1413790
57750
-79735
1470572
1096069
-916314
39661
427381
-18929
1226766
1871765
586077
-1774839
-19837
255870
1222919
-1963850
426418
604683
-469140
-1718263
-644383
1950408
-186419
-889711
1672059
-961705
1356675
159659
-1814247
1460774
401796
-215268
1115778
265176
-1405360
-42949
43390
-1948021
1165196
-206719
236448
1408527
1254295
1697927
-71295
491402
-1847480
739897
-911822
1091247
-710362
-1287319
870554
635401
-147119
-1894226
1869072
1686980
1757881
116994
-453303
1611922
-1607330
-209736
-113439
-721181
1828419
-1947220
345265
1883808
821960
-163165
855154
926217
1625825
1110246
793355
1834288
1027463
-1800264
-1635832
1537878
-487889
1805242
-1427352
-1545091
-1651129
674575
578254
1849364
1491890
-1140815
431389
928034
-1350124
1472686
-1030606
659587
1687658
-1626085
1911962
1663029
1121401
1468849
-1162772
996803
348834
-1018142
-336212
-1673287
253635
-758217
-773397
617436
95567
-1677506
-893972
1025483
164087
833000
-316355
-1988580
275967
-1418978
-1415579
-908897
-1933043
722561
889563
1694567
443000
44419
-799499
-193855
-136784
239433
-1416983
-233047
120114
169510
1454456
705129
-1328993
-305798
1112019
1997324
1167392
-488815
1869695
536149
587107
772315
1564540
832986
364741
-1133541
-1521484
-185303
451468
-1397625
-264863
-1841210
-567916
1991748
1260070
293934
1077314
611833
-299408
-798017
1745562
1938001
682636
-178095
709520
-605102
-125907
327384
-273825
1364189
425108
-90339
600325
1990512
1825175
1663023
1363591
-1254367
-1758458
1832927
611137
705311
-1011002
-145831
-1331623
742434
1834536
1879099
-227817
-658608
-1017560
-1903272
-770178
1947404
-1850945
1171969
454085
116850
-623117
-531274
429384
-1970044
688807
-1841383
-836802
-185234
1849380
1199554
-1496204
-1357810
554981
7492
1335120
1303839
-4677
420169
1427349
670347
579148
-787787
-515080
1240066
1248160
-1860538
-1145089
226608
273261
1115428
325874
-864636
1638749
804033
302306
1908161
1708219
-1553743
1515577
-179878
-801059
-76905
-744737
-1613349
-718138
632152
1182963
881912
-800627
-853895
648163
-526241
1957912
-521849
-522880
-283514
-109878
-1610700
-106967
-1613497
1840931
1942162
1967153
131388
1672147
-1966716
-802934
-1589894
504008
-583846
1013046
-860172
1104383
1489383
561651
-584210
-887801
-499427
196885
22590
-563472
1489388
1928138
107661
-657902
84675
-1677019
-1249451
1380776
-1543183
-1702567
-866377
-609152
898653
-494617
-1142951
-560321
-1326591
-1820486
27542
731935
-595507
-534926
-1174419
-1309138
-909644
74598
-378154
1593130
672871
244182
606353
1558346
1359547
1889337
1720666
1511286
-1876181
816077
1487123
1423198
-619554
846916
-624538
1171181
-1283581
1734928
1546668
-1045920
1343738
1574116
201480
1880307
-571572
1853482
1844257
560052
1649257
-1676091
-1079500
-1286560
-1058334
1182361
1687526
189256
-1762499
-903878
696014
-209028
1977485
-756435
-1712325
-1900813
-1395685
876422
-1774071
-177449
1750882
1247429
278266
-1580534
1434256
-1010644
658892
-681180
1784157
703943
-1636140
-1571382
-243943
-1062024
-1635009
-782452
-1267924
-537220
-753750
1361436
-1174723
-1744232
1193044
-594642
-479306
1419476
463245
1785752
-1448714
578101
-396415
722977
1148762
500577
1559857
1927265
-1557576
-326139
-61836
652131
1124544
-630739
807511
-1394045
-368147
848762
-77054
-1316979
1181219
934202
1197603
-1858548
-617618
-1980859
582694
-1606603
-1897942
1850888
-355913
-765872
-332145
-995632
-1442997
-543127
788208
-326108
-834572
733723
-1452394
-225152
-317111
-1197608
-1177184
-1206582
1168134
-1456992
-601704
-1729581
-1270636
-584284
-1316370
-275658
596482
-203497
-122093
-309866
1122115
156489
113166
-1915063
952479
-1784251
-1784769
-968932
1322903
-640571
-308630
1065748
-142028
1354814
-1489754
-27697
-392116
151233
1783397
85204
934672
1062304
1303176
1548827
225931
-630733
1888370
-571828
-1979269
1582185
1480259
749216
129764
-599357
1143151
1142469
-808441
220071
1999770
1858683
-1475969
1675208
-992877
-1705698
-83835
-1815813
-26332
1780875
-144951
1166345
1582659
-1062018
760488
300123
1437334
-431963
1369485
-1996555
-1372085
-153714
1781769
1986257
-101974
-1138219
1805630
-672200
-1295068
887223
810337
-1875138
741542
-1181944
-1141815
-234515
484133
-1883424
354226
-15449
1231066
1217818
562049
-229655
-1757133
860816
-1958407
-117977
1741739
229489
-1903674
1123415
-949028
337543
-503901
-787959
-839960
-1327045
-1641409
1263997
1602091
-1148911
1334410
1145803
661814
199066
-1930440
-1857400
-1634772
-1735389
-1153844
1786132
-1175509
-741293
392906
-484258
14793
-1057540
895485
1633710
-628699
-1012699
1571779
-1288073
-966585
1549012
-1468254
-1964998
648527
298684
-794826
-652563
-564257
-1474020
844981
1408307
595113
1197563
951616
1593398
-509261
-1826908
-1507991
61406
-230061
79464
-1942656
1275705
-655206
-1587417
-830446
-1584093
-1822479
349959
-1683127
1102486
-59800
1539614
819769
-986568
-1434387
-1956899
-1883320
-266444
-1634480
-1463400
-2325
1796141
-1471856
-4268
54571
1820091
-1939660
806915
-1993800
-529540
-1817903
-728606
928628
-1861522
1001038
-557762
250328
-890717
-474955
-532155
1458811
-1610820
-1899912
-1474890
-1266846
802714
443106
1790207
820634
500475
-300258
-1932997
48457
-1763235
1098178
1927041
-703433
-319055
-890435
1849480
-799062
1063349
629444
-554286
-1866650
1524626
-395819
966791
-1793172
167526
-1478167
330763
-1738162
-509469
950502
1556421
-352168
-1408569
1122367
1880907
271397
5592
1974079
-598922
-329370
664681
-1107702
1819181
-999586
1199916
30950
-1658246
-879468
-560763
53490
-928505
1324861
-841232
-1306524
407928
1327938
1852724
-1287611
-1820879
1481513
630847
-1949107
-422191
1803385
-1035883
-1243445
673299
-697942
288496
-687620
1843061
1926909
1204643
592906
-557265
-448327
1858339
-1652762
-1955056
-501303
478454
-1902417
-1296650
-1899178
-10037
1876943
-1842225
-1603105
-1746229
874230
452980
-707042
1841669
-1217821
486677
1196990
-816023
-41707
734572
-1499760
49030
-280597
-67046
-637807
1288462
383114
305394
1183412
-1388986
-1968624
1032621
1736613
1892394
-1066371
565932
-1671832
-1228521
1026245
452720
1429571
-1908245
-1721270
1440358
-880826
-1564947
-1173791
1215407
-1220198
-471142
650137
-1575310
-45505
-1122660
-1040783
1987944
740899
-779987
1662213
843528
275824
-519916
-1731346
-1683136
389714
939568
-1794721
-828941
1942095
-89352
557652
-54246
-657903
1091033
-1975030
-359369
140901
-1887060
-368549
-1613172
753653
-534742
-653513
1042856
259828
1296930
477622
160768
-114359
-1732547
854125
1251185
1409060
1893646
1617003
-1422386
-1247625
1671970
1067377
-169765
1734207
978014
622773
-136392
1824724
1212815
919500
-940561
622638
471958
209761
1407658
-307764
-1505025
-837239
109989
1006803
-1732623
-838894
-1236485
-744607
184206
52769
43070
560968
-1279735
-592554
-332093
-373463
1374141
-226085
1704698
-1283952
-1943169
888653
-1780836
-427798
-1079103
-415115
-1733401
-1002261
-1256249
-349770
-1085176
-268337
-1518182
-707008
703592
-959017
-1784135
11569
-88914
-1429474
-277696
389187
-261048
227840
-1783035
1289711
1743591
-251399
1616529
-208165
-1126412
-609393
-1952019
-1877620
-258149
114780
934579
1345442
49707
1440133
-1221535
-385538
1378566
955875
1550170
-1030046
-1473404
1265303
344103
1763672
-1524257
-1826652
496551
-1071337
-539037
-1186935
1724107
579957
439843
-1049963
-884185
316252
88513
1533576
131188
1696354
94271
1456325
1039609
-1100987
-905528
538580
1505672
771722
-947451
1663480
751857
-1935965
1586752
752033
538618
407424
987817
-1355797
-1209074
-653304
1379823
1252988
-1833417
1536195
667447
-264565
-1990563
236698
568923
592607
753809
-3756
153712
-1203103
-1663759
-758662
-1488747
-918597
496326
812435
1961768
-1120342
-1256307
119996
-245857
-167667
-1292009
-133836
-718044
-707763
1717486
-1486027
-1047831
387541
1789883
-1427085
-169438
180340
1887703
-1364401
-1806572
-348697
-290716
-674448
-867322
-526387
559033
250724
1435811
1956805
-510443
-1088145
-1429408
-883661
898924
-640259
718192
302400
-1264276
308667
1955243
217857
-990
600352
1556989
-1940433
399847
1719226
1905165
-148669
1114401
-1572264
878013
821538
-851396
748938
1821387
175085
-1060803
-1703925
1915101
-449020
-1961587
-1833718
1067522
-34716
1320812
761509
-646175
-284070
-992991
290889
1118406
348378
-1022599
689638
-524204
1840640
-1056367
-827868
689532
-1141056
59715
59288
1007337
1602754
-59868
-197351
954134
378278
-564710
-295876
-645708
-1737543
-1756173
-1128065
92583
121947
-1026364
1018287
-1095678
1213342
-722788
757087
1920154
1555140
-177597
-1153310
1621887
1127783
1997301
1721384
-1648279
337269
557796
1934521
1668206
-1024250
-447077
224746
-550255
581647
-1006657
642420
33412
-93255
1507400
-1180086
1087800
1151890
-230934
-1289863
1244791
474899
-328247
-166387
-782360
-393737
393199
842390
200002
1898375
649174
794693
602135
-1028167
-1421329
770131
587233
-1006296
-1176399
1255255
1026962
769191
-569304
-542152
1407861
-852351
793092
325598
-1251707
688649
963797
1762653
-1478874
1211129
929536
-1411494
1005707
698567
-128016
1358988
446026
-747156
-766320
1886762
950230
-1626344
1423080
-511168
-80512
-243071
-575842
986930
-1028572
643345
504733
1444910
-268690
-1257458
-60218
1670208
-1620022
333580
-160329
621007
413626
1610983
-274752
1545804
-1932525
1810917
1032020
1952223
-1570092
-1071426
100086
-275151
-1389178
-1655560
-1339978
-1618219
-1003124
704690
1223822
1447526
-697393
903913
-325145
-904959
-1721252
927663
1427144
1762703
-1706839
-1099058
1690494
-1969883
-1958761
1835656
521796
-1560594
1583490
-1975412
-150348
465553
-182767
1881490
-1056614
1418702
1920068
-154613
1170544
629323
1745107
285235
-154189
-979380
1091297
-125111
-42444
646142
-1889274
-1467579
-1532646
-65641
1107058
-1135535
1027872
-1708374
-615159
-11537
43373
1161503
-834794
1102235
-594281
-1226045
-461460
-1365810
-868785
285185
-1422395
903977
298573
-1407516
-584585
1984110
46222
173494
1810078
1027680
752939
-1849816
-230055
324438
1554351
-1921363
-1686156
209103
1942542
-382228
1191659
-955535
1007268
990968
35680
-1907945
693355
366721
-1631472
749811
1404741
-764550
-1006525
1198006
-1346814
180700
625497
52170
-409553
-98054
-89617
-325215
1589172
924508
817649
727549
948728
185594
362708
-1741987
385649
-382989
-1873902
-1303027
-1495018
1775517
-1217078
224680
894190
-441036
1484737
1170395
1246648
223877
733344
-583279
985256
1907083
-530758
1565536
-486829
344992
-1461779
484307
-674597
-1792831
1694733
-1346386
542882
-45526
1068554
-132990
-831549
-795825
-1038413
-981288
-159369
-1882875
-1697893
153931
-585724
-597605
-1287271
541684
-59385
1562516
-151720
-234003
744908
-1100088
-738540
-1803893
-644218
-151572
-529406
-564505
-1107101
756751
-1194556
732356
1299518
-176488
-1524226
1619640
-1534411
606015
-1240515
624576
385718
1269460
-952448
1301768
-1179535
-1817722
1153408
768166
499363
-194336
1636246
2511
-1503656
1943734
-349036
587812
-698523
1550375
679969
-708798
-614520
-27792
1253157
396874
1529641
760322
-1954203
533674
1453005
-1258267
1138910
-743682
-1676999
-241117
-333517
1346711
-1564617
-1176005
1356345
-1103717
972344
-1057293
1075754
-1136604
-1564574
241792
1263059
1017981
1592534
-724148
1918863
813931
-316720
-1829923
-711105
-1390215
-1892691
1265455
-1531218
1554431
-1137041
312174
866091
-1841902
725874
-1589887
-112396
-1343508
495369
1994794
1778974
-1522737
525890
560892
821641
62538
-1355491
1783320
-395739
-1212721
-885750
-604095
-507763
776247
-1685374
-897200
1408595
387314
-1056493
-1790114
-1744640
1721131
-577995
384911
1314529
-158550
-1096250
-420956
706558
-1438611
249920
1719792
274608
-1683784
306502
-1996434
-1784822
-571268
318693
1166540
1971320
-1084255
1117663
610103
-551041
880151
-1110450
-1457274
-1727529
409914
-1135779
-1997307
-1638902
-1072764
-742074
293952
1719064
-1210351
1962915
-969387
1620804
510091
870720
724713
-107642
164104
-1181925
-1312692
-67190
1292118
632615
580349
1858171
-1110061
-1748513
-118042
533752
1914823
120829
131494
-240324
383390
-1883330
310465
-1098435
773793
-346551
839016
-293997
1977904
-668674
-1968524
-74340
-1833867
-1979306
345764
-1491954
1525973
551593
-550347
132711
586783
-60286
1249130
1037640
20774
-279232
-16512
119948
787384
624239
-440679
-980108
635905
-876437
1909026
-1414617
1318749
-1352357
1666664
-1941678
-616251
-1201678
-1912115
1250221
1593044
-1321220
1550182
-969321
-917138
-912782
1153684
1538222
1055295
1732839
1937299
-1112245
1438258
-93942
1318738
1139250
-380765
-1457250
-841039
99838
-986854
381611
-1630083
1052066
999167
-1375368
1263911
1897803
284658
-1466517
-660321
1690177
759942
-590342
-204000
707583
-292750
870536
-1108164
-691997
-1108207
-336795
1910305
1998301
770705
-1568532
-1144127
-1327334
-895518
-635972
1193579
-637417
-790581
181053
456329
-1353120
710192
-572983
799178
-1612693
151327
-259675
1258924
1126638
-1246625
-759178
335862
400608
-125785
-39662
-1429458
-336385
-1332129
-124261
1772181
-1165793
-1185069
1452206
-1595294
-245500
1226200
230066
-792656
-456598
-939336
-979732
-158959
1324120
-1173957
-1876344
1131094
802948
1777367
-890019
1161387
-1781275
-977707
-963080
-590146
645755
-1027082
272985
-1659482
-582163
1396944
-1056810
1900290
-529934
-435409
-655005
1864471
-404391
-527290
1303600
-1572480
404450
-1432042
995312
-1879670
1112072
-1578022
1869360
-1782606
507929
-1557541
1617950
1835843
881924
167993
-552008
1759366
-1036518
-948535
748022
-84157
1036547
1041539
-1503257
1104333
1185240
720842
-1544077
-957829
-1500863
452597
1027933
1572542
-788196
-297182
986203
595268
-1507318
1293588
-1231165
534010
1437776
-1342223
-440991
-256447
-1836343
681784
-405088
-83844
1460975
-369564
1653297
1198901
1790238
689994
-1057699
-742667
883006
-1874079
-831589
-929346
-67659
964880
366683
1807259
1648758
1144971
-1514313
-1143903
208380
-1504767
611841
-1949636
-1943151
129900
-680569
1027810
519555
1746025
1205803
-1446135
734561
-1933203
-1707869
-1531056
-1683242
-1692742
204414
-445302
-423293
-7703
1920520
1459229
-164556
-198400
492067
1974690
1663223
-1588913
972158
528510
1798346
95830
1165225
-1508202
-804655
235791
-1355917
-532
393166
996283
494381
-7425
1919017
1370850
629744
1478143
686061
-371027
-902133
-1745726
1671015
-50148
1613316
-1475414
-965496
-1226082
732034
29468
-388222
-1206581
1385838
-677242
451441
-730771
-591595
-50492
-1657240
-84964
1129954
-1086444
1868613
720011
-100554
-297319
225626
1079843
-1636806
-1072063
1663282
-749157
1403460
-435971
-1067092
-425510
402104
1401936
1924658
-1713808
-522236
1727337
-1507789
1012829
1209043
580178
1557158
-491285
2757
-670072
-454990
-1217849
1885968
-64941
1032028
727571
881900
-1305952
95915
-991479
7617
-1405235
1066544
1338690
764929
-1586345
735400
312176
-1064654
-901349
1705225
213447
1137793
1826806
1288823
448995
1593435
-1028052
-1358165
-1172639
-1752465
-1623931
1957227
-1604744
-776423
-1504288
-1941162
1682009
-1342044
1509221
-634720
20328
1815770
1078900
248503
959883
578511
609458
-1928644
332917
-1056411
1096827
-266825
176107
1097365
1015934
-1347615
-1027147
645022
14326
1980193
-674123
168465
-1632166
1587871
-1679906
-979782
95968
139691
-1685083
-1866965
584211
-618161
-1941942
-892218
1815337
-286629
324012
947300
706623
-1209690
-1936044
1724206
788919
-459779
240102
-1989156
1931835
1311149
24560
305116
-1533975
1905456
-630824
-1304184
-1443204
-309072
1675532
-1955699
-1733715
1601866
-1606476
-816738
1989599
-1190442
1661479
-1582805
-1728570
-371445
351671
-1248687
917598
1008410
1391090
737667
-697205
-1065415
-1075110
806333
333436
-817670
1774572
-279263
-459888
-846290
-952609
-998735
-179912
-141272
-751299
475268
-758722
421305
-704796
997359
754552
1219488
-1971275
375600
-866799
-1047824
1956373
324673
1602398
-1896345
-1233973
477199
-54509
-491254
1692051
503898
-18021
1299080
-72295
1667345
-519001
-1465377
950618
-291948
6570
1631126
-1508320
-868658
1912573
-1694663
753961
994510
-679200
-165693
-356953
927721
-895878
-1117088
1732564
-1467548
811677
-467188
1868753
-15100
-225952
11967
-1688509
-261582
826145
787711
1668740
-1748121
1738432
581571
1726501
1242462
-573917
-1000326
-1196891
-392017
929401
-1641470
401400
12916
-1017833
-314094
-1474610
-1096583
476270
1494939
-824278
1761068
1542489
-77647
1485501
-1486085
-1926406
-697344
286246
421516
-1433988
-1251984
1203307
124250
1689372
873348
-139474
749459
-1845081
397520
-618485
-1259239
10771
459001
546190
1696863
-1767519
-241941
1168947
-462051
-1015344
428437
481476
-825912
-625627
-1800741
1630232
1321921
-619440
1883738
-523084
-793751
481345
-1767714
1974341
771146
36087
-1503320
648655
-1769878
-27020
-1111695
-1529507
1049605
816697
1463268
-1403702
1484210
1945716
-401643
-166159
-1480199
1119505
1230546
1320362
-1749592
904667
1786161
-1097309
-974665
-1901798
1251030
1227659
-353719
-1244372
1125893
-1774933
-957719
291741
1060330
1665039
1404657
-1052772
1517165
231283
-328414
1418496
772473
-461948
-231423
-565756
1590210
-551737
1632736
1134825
734411
-1580976
787311
-1104819
51944
951733
403878
1074729
-1894862
910825
-1494135
47257
1462209
-586759
-148290
-120928
-959295
732865
-446337
625354
907715
-1599628
1297304
-1308575
-206505
656442
-1970168
-628816
-851628
-1397968
-419477
-1378914
504868
1082945
-509890
-1439021
-1848429
358556
-1358638
-262418
-1254839
1344417
-1753581
958224
31618
1008669
-250463
264262
1110793
-827250
-432271
741209
-657582
1179455
-969785
-1073742
-766600
-1369003
-1454018
1274123
1284141
-1847381
381933
750532
562518
-1931974
-1264923
1293483
-1909094
992295
1526052
-882175
384129
1076861
1262143
1145171
1753911
466459
251650
881572
1747764
1980062
1007306
289570
1005524
1452350
1111028
-1797994
1309957
522451
-1163247
409163
-1931031
1979822
-1855903
698191
310886
1650850
-1996873
-892458
-1060513
620033
1169076
250868
1791132
329612
15308
-1411652
299225
1264119
653773
1018576
-1984792
1064236
-424403
374816
-1495382
-1228260
433179
1037026
-243665
1563941
-918325
-1126158
1830947
1077799
1626911
-1646215
-14208
1618894
1614116
-1403690
913319
-570185
-1435813
1064815
-1812491
-1342780
-1661877
-66529
-1181397
-1121966
-131083
-1626067
-384825
1983541
-419446
1102724
1690866
479029
1068120
-1267026
924806
557039
-827812
237534
-1530744
1591771
-1806732
-1660298
1457347
1894834
1200155
518689
177302
-1024723
-1069659
1861010
-668684
-619380
1607906
-1149263
850319
-1923178
-1170874
-491867
1064789
-1596597
-1902922
-1022538
1847725
-68731
1210701
-546685
837669
-976226
35589
-1433132
1542968
1582478
-1135791
581290
-954708
-1606922
-884477
499196
-1193975
-736165
711413
-829814
-138756
1642551
-821002
-1531308
-1641221
-1957474
1946254
1644315
-1973334
-1085223
421290
516326
86998
-251808
266885
977801
-92741
807969
-1828184
-1988937
-1835719
972905
1638465
1146907
-70283
1827255
-672239
-753019
-693865
793038
29806
820582
1543535
-649619
1122281
-1115042
603065
-636739
-979344
-437237
-1426866
-85376
1017381
-1234445
-279619
74073
3842
-323758
-1337072
1945065
1908778
-1259319
911581
255577
-1834140
-1067634
1220202
-1590831
-1522422
-956144
1366358
-1095095
-480969
-1647035
782669
130435
526996
463010
-134863
-1240769
859800
-336281
863842
105705
1510758
-848480
949735
1202395
1330329
127547
977488
-1000386
-1755541
1673579
-1795938
-1178059
556005
705956
-453456
1720574
157327
-1628669
1809326
697903
1882090
1721312
-1313053
246435
387687
-888502
1943790
-1220922
1239269
1409946
-1250798
-461858
-843345
16541
-1287879
-1889326
-1713215
-1494779
1325683
-1300665
1230866
-944308
-1647731
104564
1313176
887286
570246
292409
-797375
-557542
1804207
1242724
1533274
675410
-1908591
1940575
1292173
953284
192296
-71963
-1392636
-1125363
-1970566
-256243
-1194872
1294169
1796090
1225898
-440568
-1092616
-1403317
1802691
-521298
122870
756425
-1264083
474056
722720
-1331868
1106317
-588836
1897657
-1637822
539388
1391678
-531221
204095
294806
-1872685
-805492
-262662
-1081751
1344320
-1703272
-314909
30650
1858360
-625752
-221270
-1986155
-1156809
-1665949
-1785395
500494
406392
-1604093
-925102
573606
-868871
480203
1961789
-340759
-1413942
1554273
495898
-1370461
1869785
-180479
-1283859
-473528
-1770399
1456341
706878
1632881
222022
1189702
610424
-929973
1492269
-402554
1261141
843193
651746
-172281
805993
328331
-1457440
-860033
-108942
-1400582
599292
-1130743
-612361
1887282
1108807
1063111
1757277
-1097040
-441059
343203
1434352
-1863484
1539284
581
-1785577
-1370692
-1457510
950868
223212
-460733
1847298
1540684
1509680
1316965
-1056064
1294888
233644
-1943026
909706
-70395
635650
-1397983
-1428274
-994533
1126799
-398784
382841
-1439481
104144
-733712
-1166641
-1255167
8484
-1793739
504128
649450
-635498
1169257
-1071199
-1733371
1414286
1655248
-229923
1126339
-144703
1925276
-1664556
405346
1654969
1521052
1710149
419083
751556
1693914
1669143
-221794
-833082
1751686
-1470443
-343036
1687605
38911
-1638300
-932527
-458331
-1497797
200370
-985432
438380
552017
-1205123
-1719033
-607632
-1316446
1062079
1141540
-764839
1196371
-845611
796627
-1812348
-631046
-1004499
938332
-838984
-770697
-1654372
-1617890
1059861
523155
-28516
1216835
-394523
-1630648
1472491
-710024
-1679139
-1429215
427452
1217060
-1731522
536562
-260382
-488943
1225769
598715
376976
1179619
1846934
1978352
-222708
1095086
-861774
183011
1046454
766661
-534812
-544721
-1149451
-171672
228246
-1730397
1015100
-657781
194331
786149
-975388
-1010846
-1586219
-898173
-1152668
-1500127
1292165
74923
984279
115054
220802
-1894385
-450664
-797302
822588
-1065823
1636819
-749711
-1595206
-162602
-302960
-1808480
756174
-1469257
688166
815748
-77343
-1507900
1993163
1537963
83036
-358295
1370935
654041
-1946154
-635943
76083
471715
-83668
124085
-887998
-244612
1651807
-827911
118806
748186
-656198
1317138
360831
-445252
-4947
-748735
-395891
645727
660435
1133214
-861912
-679482
-1075509
-359974
747459
1295790
1217861
-993153
-1254594
-679205
-404644
-931980
-1778478
-1808046
-383271
1949298
541350
1735697
-1752577
501384
-687734
1799861
-217063
1821702
1635752
-787545
-1766639
651698
593113
-1442856
847151
1960790
-571605
236192
362863
-271622
618305
-1803303
386303
431142
571144
859007
269814
-804955
890830
-19784
-462815
1895431
-1685252
1491597
903639
-183841
1598189
1646546
-1617097
-1962138
-279157
-90701
-236801
-907859
-1642462
1148569
-116639
-973452
1812775
1144764
1118627
-656649
-1422789
-1824146
1398608
-1502791
1930865
-991518
902905
-412605
-1632471
-202101
-384622
1103004
1741462
851769
728621
807195
-1922970
-1982617
265502
5527
620569
-177589
-1527146
448389
1939156
-942207
1126303
1755309
-271859
-1559359
1790523
1827449
-913959
-251348
-177266
-460012
-363810
-1065337
-777257
-1219739
-1229212
-419023
1175931
306115
1742415
-1759186
365410
1298341
497132
-978350
-1507966
-340298
-936582
-595226
-1204449
-1053570
625173
760831
1240153
496310
-1588888
1663805
-646549
400706
-1637286
-1248334
1788467
1598197
1653374
70046
-21294
-1759035
1865799
-1330092
-457344
1375154
349205
-1584357
1181991
328037
-1692559
1877824
574860
1663838
-476052
-699714
-1036020
1875467
973562
289572
1506975
897935
-1131180
425536
62407
272764
-1726977
-1244601
43800
1082790
1329840
276154
11949
1706004
-1753401
-1106818
-354526
1955150
-952730
1859333
1895198
1743487
1866909
946173
-830363
-1483607
244046
-736621
239769
42422
-1001899
618320
1650306
1991293
227046
-788172
-1447325
-297436
1491693
-652403
1914233
-882672
1659701
-36542
-470818
1866605
72690
-1559512
-197877
-1005934
-1450231
-876641
-606264
486742
1159452
-413844
1651919
-261360
-1549382
-133039
-58864
1548580
1483392
-989788
-1911038
-1870334
-1611181
-167833
-881234
-1613704
-923478
720201
1644782
-1430101
1380110
831537
94943
1985588
354648
-661857
487233
1290210
1927011
782524
1342188
889613
224115
1689220
-10351
-962537
1550756
151517
-1968502
-1792169
593242
1385064
118199
-1421907
-1132577
1672016
-60592
-135691
-1948640
1710271
1984960
-490410
-802547
-595796
-1811164
1128248
-766705
-1335622
1964222
-1296056
1184847
-362536
1257825
-528121
-171032
-874983
1602332
-808399
-1421650
433373
-589880
-1565927
819282
-1451054
-1801828
256379
-611159
421727
317598
-1019980
1557851
887376
-1644586
-1672370
1732053
697087
1645199
1460044
426727
768886
-1502787
610943
-903090
-1291646
-1482908
1411439
-506700
-453426
-286660
-1230417
-154682
-1008905
-1960332
-59463
-1808556
-1984303
-1249153
